time (us),amp,,,,,
60,7.2,,,,,
74,6.96,,,,,
84,6.76,,,,,143.6781609
94,6.48,,,,,
104,6.12,,,,,
114,5.76,,,,,
124,5.44,,,,,
134,5.08,,,,,
144,4.8,,,,,
154,4.52,,,,,
164,4.16,,,,,
174,3.92,,,,,
184,3.64,,,,,
194,3.44,,,,,
204,3.12,,,,,
214,2.92,,,,,
224,2.68,,,,,
234,2.56,,,,,
244,2.36,,,,,
254,2.08,,,,,
264,2.04,,,,,
274,1.92,,,,,
284,1.68,,,,,
294,1.52,,,,,
304,1.56,,,,,
314,1.44,,,,,
324,1.3,,,,,
334,1.04,,,,,
344,1.12,,,,,
354,1.04,,,,,
364,0.8,,,,,
374,0.76,,,,,
384,0.8,,,,,
394,0.68,,,,,
404,0.6,,,,,
414,0.44,,,,,
424,0.4,,,,,
434,0.48,,,,,
444,0.44,,,,,
454,0.2,,,,,
464,0.2,,,,,
474,0.16,,,,,
484,0.16,,,,,