Delay time (ms),Max Amp (V)
1,6.56
2,6.24
3,5.86
4,5.5
5,5.16
6,4.8
7,4.52
8,4.24
9,3.88
10,3.6
11,3.36
12,3.08
13,2.8
14,2.52
15,2.28
16,2.04
17,1.84
18,1.56
19,1.28
20,0.98
21,0.68
22,0.38
23,0.3
24,0.48
25,0.76
26,1.04
27,1.28
28,1.56
29,1.72
30,1.9
31,2.04
32,2.2
33,2.38
34,2.48
35,2.6
36,2.8
37,2.92
38,3.04
39,3.16
40,3.28
41,3.4
42,3.52
43,3.62
44,3.76
45,3.84
46,3.96
47,4.06
48,4.2
49,4.28
50,4.36
51,4.48
52,4.54
53,4.6
54,4.7
55,4.8
56,4.88
57,4.94
58,5.04
59,5.1
60,5.16
61,5.24
62,5.36
63,5.4
64,5.48
65,5.52
66,5.6
67,5.64
68,5.72
69,5.76
70,5.8
71,5.88
72,5.92
73,5.96
74,6
75,6.06
76,6.08
77,6.12
78,6.16
79,6.24
80,6.28
81,6.32
82,6.36
83,6.4
84,6.44
85,6.46
86,6.48
87,6.5
88,6.56